15
1 2 169.29361191952844
2 1 169.29361191952844
2 4 175.66043519493934
4 2 175.66043519493934
2 5 197.94190078986549
5 2 197.94190078986549
1 3 168.8720518204508
4 13 169.29963428210087
13 4 169.29963428210087
3 6 168.50670815772398
6 3 168.50670815772398
6 7 167.4528760298645
7 6 167.4528760298645
7 8 164.01081129924242
8 7 164.01081129924242
8 9 169.29963428210087
9 8 169.29963428210087
9 10 169.29963428210087
10 9 169.29963428210087
9 11 162.43552065910478
11 9 162.43552065910478
10 12 170.15784267697646
12 10 170.15784267697646
11 4 163.94057231165507
4 11 163.94057231165507
11 12 175.66043519493934
12 13 174.47965288777002
13 12 174.47965288777002
13 14 264.9604799745647
14 13 264.9604799745647
5 14 181.2280799936721
14 5 181.2280799936721
14 15 181.2280799936721
15 14 181.2280799936721
4 6 169.29963428210087
6 4 169.29963428210087
7 11 175.66043519493934
