15
1 2 10.281818179481407
2 1 10.281818179481407
2 4 14.399999996727274
4 2 14.399999996727274
2 5 28.79999999345455
5 2 28.79999999345455
1 3 10.009090906816118
4 13 10.285714283376624
13 4 10.285714283376624
3 6 9.772727270506198
6 3 9.772727270506198
6 7 9.090909088842976
7 6 9.090909088842976
7 8 6.863636362076446
8 7 6.863636362076446
8 9 10.285714283376624
9 8 10.285714283376624
9 10 10.285714283376624
10 9 10.285714283376624
9 11 5.844155842827627
11 9 5.844155842827627
10 12 10.840909088445247
12 10 10.840909088445247
11 4 6.818181816632231
4 11 6.818181816632231
11 12 14.399999996727274
12 13 13.636363633264462
13 12 13.636363633264462
13 14 71.99999998363637
14 13 71.99999998363637
5 14 17.999999995909093
14 5 17.999999995909093
14 15 17.999999995909093
15 14 17.999999995909093
4 6 10.285714283376624
6 4 10.285714283376624
11 7 14.399999996727274
