15
1 2 173.8038005986828
2 1 173.8038005986828
2 4 176.13629759813747
4 2 176.13629759813747
2 5 184.4683103961505
5 2 184.4683103961505
1 3 173.65012096235495
4 13 173.8059967333762
13 4 173.8059967333762
3 6 173.5170113623859
6 3 173.5170113623859
6 7 173.1334545442932
7 6 173.1334545442932
7 8 171.8847786354914
8 7 171.8847786354914
8 9 173.8059967333762
9 8 173.8059967333762
9 10 173.8059967333762
10 9 173.8059967333762
9 11 171.31541187309955
11 9 171.31541187309955
10 12 174.11915079406393
12 10 174.11915079406393
11 4 171.85936363549723
4 11 171.85936363549723
11 12 176.13629759813747
12 13 175.70209090733024
13 12 175.70209090733024
13 14 211.10663998944318
14 13 211.10663998944318
5 14 178.19363999765238
14 5 178.19363999765238
14 15 178.19363999765238
15 14 178.19363999765238
4 6 173.8059967333762
6 4 173.8059967333762
7 11 176.13629759813747
