15
1 2 55.281818179481405
2 1 55.281818179481405
2 4 59.399999996727274
4 2 59.399999996727274
2 5 73.79999999345455
5 2 73.79999999345455
1 3 55.00909090681612
4 13 55.28571428337662
13 4 55.28571428337662
3 6 54.772727270506195
6 3 54.772727270506195
6 7 54.09090908884298
7 6 54.09090908884298
7 8 51.86363636207645
8 7 51.86363636207645
8 9 55.28571428337662
9 8 55.28571428337662
9 10 55.28571428337662
10 9 55.28571428337662
9 11 50.844155842827625
11 9 50.844155842827625
10 12 55.840909088445244
12 10 55.840909088445244
11 4 51.81818181663223
4 11 51.81818181663223
11 12 59.399999996727274
12 13 58.636363633264466
13 12 58.636363633264466
13 14 116.99999998363637
14 13 116.99999998363637
5 14 62.99999999590909
14 5 62.99999999590909
14 15 62.99999999590909
15 14 62.99999999590909
4 6 55.28571428337662
6 4 55.28571428337662
7 11 59.399999996727274
